# Data Produced by Halo Numerical Computation #
# opt = 1; LP = 1; m = 1; phi = 0; Az = 95000.0;
x0  = 0.98883562973961558473
z0  = 0.00070003539306020212
vy0 = 0.00891271945118227681
